>rna
243	13,2.54926;
242	13,2.55214;
241	13,2.6514;
240	13,2.9062;
239	13,3.03795;
238	13,3.04395;
237	13,3.04321;
236	13,3.05971;
235	13,3.39754;
234	13,4.13557;
233	13,4.15842;
232	13,4.16917;
231	13,3.79513;
230	13,3.32208;
229	13,3.53165;
228	13,3.28461;
227	13,2.12201;
226	13,3.32706;
225	13,3.3345;
224	13,6.16228;
223	13,5.54812;
222	13,3.06611;
221	13,5.4852;
220	13,5.6691;
219	13,5.33333;
218	13,5.52554;
217	13,5.74995;
216	13,5.44938;
215	13,5.54253;
214	13,5.52825;
213	13,5.44474;
212	13,5.09202;
211	13,4.62182;
210	13,5.16325;
209	13,5.96091;
208	13,5.98977;
207	13,4.24159;
206	13,5.99352;
205	13,8.58712;
204	13,8.95698;
203	13,7.99177;
202	13,7.65719;
201	13,8.8188;
200	13,10.8168;
199	13,11.2703;
198	13,11.3696;
197	13,11.3481;
196	13,11.262;
195	13,10.4545;
194	13,11.0775;
193	13,10.8716;
192	13,11.5956;
191	13,10.6489;
190	13,11.079;
189	13,7.16167;
188	13,7.1647;
187	13,9.39266;
186	13,9.73702;
185	13,10.586;
184	13,10.5768;
183	13,10.373;
182	13,9.9213;
181	13,9.98247;
180	13,9.41829;
179	13,9.39754;
178	13,9.14222;
177	13,8.02173;
176	13,7.70709;
175	13,8.12154;
174	13,8.15621;
173	13,8.15239;
172	13,9.91928;
171	13,10.1316;
170	13,8.92463;
169	13,9.15255;
168	13,9.85667;
167	13,8.98365;
166	13,8.31158;
165	13,7.76594;
164	13,7.47026;
163	13,6.18864;
162	13,6.16885;
161	13,6.15837;
160	13,6.13119;
159	13,6.12801;
158	13,6.05425;
157	13,5.91938;
156	13,4.80709;
155	13,3.53668;
154	13,6.4876;
153	13,6.31818;
152	13,6.37988;
151	13,6.60113;
150	13,6.63107;
149	13,7.44648;
148	13,7.63128;
147	13,7.97747;
146	13,7.9707;
145	13,7.75743;
144	13,7.73452;
143	13,8.4324;
142	13,8.51824;
141	13,8.69437;
140	13,7.6386;
139	13,7.36915;
138	13,6.87601;
137	13,6.03576;
136	13,5.43992;
135	13,5.18803;
134	13,2.40279;
133	13,2.04823;
132	13,2.05733;
131	13,3.88273;
130	13,3.95442;
129	13,4.15833;
128	13,4.1849;
127	13,4.19427;
126	13,4.06292;
125	13,4.35629;
124	13,4.3343;
123	13,4.21712;
122	13,4.15597;
121	13,4.21579;
120	13,4.13538;
119	13,4.21652;
118	13,3.60729;
117	13,3.60762;
116	13,4.03298;
115	13,4.05521;
114	13,3.31269;
113	13,3.30912;
112	13,3.26829;
111	13,2.65646;
110	13,1.31429;
109	13,2.63589;
108	13,3.19223;
107	13,3.13287;
106	13,3.2079;
105	13,3.72819;
104	13,3.75563;
103	13,3.63265;
102	13,4.62219;
101	13,5.56981;
100	13,5.64566;
99	13,6.34717;
98	13,6.24986;
97	13,5.91038;
96	13,5.94791;
95	13,5.70192;
94	13,5.69463;
93	13,3.99342;
92	13,4.00389;
91	13,4.03551;
90	13,4.03775;
89	13,5.00374;
88	13,3.0996;
87	13,3.33492;
86	13,3.32987;
85	13,3.72479;
84	13,3.76939;
83	13,2.01923;
82	13,2.53927;
81	13,3.88888;
80	13,3.54938;
79	13,3.52707;
78	13,3.70109;
77	13,3.74285;
76	13,3.86399;
75	13,3.87939;
74	13,3.89214;
73	13,3.88835;
72	13,3.88492;
71	13,6.33185;
70	13,5.15814;
69	13,4.7859;
68	13,4.49085;
67	13,4.36766;
66	13,4.24883;
65	13,6.11969;
64	13,6.08475;
63	13,5.71496;
62	13,5.73845;
61	13,5.63425;
60	13,5.60416;
59	13,5.61059;
58	13,5.36146;
57	13,5.39198;
56	13,5.39712;
55	13,4.83713;
54	13,4.88638;
53	13,3.97441;
52	13,3.96366;
51	13,3.65631;
50	13,3.50327;
49	13,3.90027;
48	13,4.28899;
47	13,4.14948;
46	13,3.73584;
45	13,3.78529;
44	13,4.00532;
43	13,4.88406;
42	13,5.52953;
41	13,6.58978;
40	13,6.29481;
39	13,4.04928;
38	13,3.7903;
37	13,3.79494;
36	13,3.8608;
35	13,3.82723;
34	13,3.6543;
33	13,3.54675;
32	13,4.39557;
31	13,4.58651;
30	13,4.40526;
29	13,5.11008;
28	13,5.51569;
27	13,5.94075;
26	13,5.41368;
25	13,5.41875;
24	13,6.52677;
23	13,6.44701;
22	13,6.48383;
21	13,6.47268;
20	13,6.31303;
19	13,6.22095;
18	13,6.15831;
17	13,6.08729;
16	13,6.08662;
15	13,5.98397;
14	13,5.85507;
13	13,3.89647;
12	13,3.79553;
11	13,4.41096;
10	13,4.38408;
9	13,4.39345;
8	13,4.39042;
7	13,4.38508;
6	13,2.97352;
5	13,2.9674;
4	13,2.95782;
3	13,2.95027;
2	13,2.9453;
1	13,2.94551;
0	13,2.93298;

